Gold (From Palik I: pp.293-294):  207-1823nm
ANGSTROMS
NK
   2066.        1.422   1.306
   2101.        1.430   1.334
   2138.        1.432   1.364
   2175.        1.438   1.388
   2214.        1.442   1.418
   2254.        1.452   1.442
   2296.        1.454   1.478
   2339.        1.462   1.510
   2384.        1.470   1.550
   2431.        1.478   1.590
   2480.        1.484   1.636
   2530.        1.490   1.698
   2583.        1.504   1.748
   2638.        1.546   1.784
   2695.        1.598   1.822
   2755.        1.648   1.852
   2818.        1.690   1.882
   2883.        1.742   1.900
   2952.        1.776   1.918
   3024.        1.812   1.920
   3100.        1.830   1.916
   3179.        1.840   1.904
   3263.        1.824   1.878
   3351.        1.798   1.860
   3444.        1.766   1.846
   3542.        1.740   1.848
   3647.        1.716   1.862
   3757.        1.696   1.906
   3875.        1.674   1.936
   4000.        1.658   1.956
   4133.        1.636   1.958
   4275.        1.616   1.940
   4428.        1.562   1.904
   4592.        1.426   1.846
   4769.        1.242   1.796
   4959.        0.916   1.840
   5166.        0.608   2.120
   5391.        0.402   2.540
   5636.        0.306   2.88
   6526.        0.166   3.15
   6888.        0.160   3.80
   7293.        0.164   4.35
   7749.        0.174   4.86
   8266.        0.188   5.39
   8856.        0.210   5.88
   9537.        0.236   6.47
  10330.        0.272   7.07
  11270.        0.312   7.93
  12400.        0.372   8.77
  12650.        0.389   8.09
  12910.        0.403   8.25
  13190.        0.419   8.42
  13840.        0.436   8.59
  13780.        0.454   8.77
  14090.        0.473   8.96
  14420.        0.493   9.15
  14760.        0.515   9.36
  15120.        0.537   9.58
  15500.        0.559   9.81
  15900.        0.583   10.1
  16310.        0.609   10.3
  16750.        0.636   10.6
  17220.        0.665   10.9
  17710.        0.696   11.2
  18230.        0.730   11.5
